{
 "cells": [
  {
   "cell_type": "code",
   "execution_count": 1,
   "metadata": {},
   "outputs": [],
   "source": [
    "import torch\n",
    "import numpy as np"
   ]
  },
  {
   "cell_type": "markdown",
   "metadata": {},
   "source": [
    "## kitti转换世界坐标系脚本"
   ]
  },
  {
   "cell_type": "code",
   "execution_count": 20,
   "metadata": {},
   "outputs": [],
   "source": [
    "import numpy as np\n",
    "import os\n",
    "\n",
    "def read_pose(pose_file):\n",
    "    poses = []\n",
    "    with open(pose_file, 'r') as f:\n",
    "        for line in f:\n",
    "            parts = line.strip().split()\n",
    "            if len(parts) == 12:  \n",
    "                matrix = np.array([float(part) for part in parts] + [0, 0, 0, 1]).reshape(4, 4)\n",
    "                poses.append(matrix)\n",
    "    return poses\n",
    "\n",
    "def transform_points(points, matrix):\n",
    "    points_hom = np.hstack((points[:, :3], np.ones((points.shape[0], 1))))\n",
    "    points_world = matrix @ points_hom.T\n",
    "    return points_world.T[:, :3]"
   ]
  },
  {
   "cell_type": "markdown",
   "metadata": {},
   "source": [
    "### **转换坐标**"
   ]
  },
  {
   "cell_type": "code",
   "execution_count": 24,
   "metadata": {},
   "outputs": [],
   "source": [
    "velodyne_dir = \"./dataset/sequences/00/velodyne\"\n",
    "pose_file = \"./dataset/sequences/00/poses.txt\"\n",
    "output_dir = \"./output\"\n",
    "os.makedirs(output_dir, exist_ok=True)\n",
    "\n",
    "poses = read_pose(pose_file)\n",
    "\n",
    "for i, matrix in enumerate(poses):\n",
    "  \n",
    "    bin_path = os.path.join(velodyne_dir, f\"{i:06d}.bin\")\n",
    "    points = np.fromfile(bin_path, dtype=np.float32).reshape(-1, 4)[:, :3]\n",
    "\n",
    "    points_world = transform_points(points, matrix)\n",
    "\n",
    "    output_path = os.path.join(output_dir, f\"{i:06d}.txt\")\n",
    "    np.savetxt(output_path, points_world[:, :3], fmt='%f', delimiter=',')\n"
   ]
  },
  {
   "cell_type": "markdown",
   "metadata": {},
   "source": [
    "### **计算最大最小值**"
   ]
  },
  {
   "cell_type": "code",
   "execution_count": 30,
   "metadata": {},
   "outputs": [
    {
     "name": "stdout",
     "output_type": "stream",
     "text": [
      "Global min XYZ: [-352.736161  -87.301469  -98.42608 ]\n",
      "Global max XYZ: [362.363345  84.200387 555.831885]\n"
     ]
    }
   ],
   "source": [
    "directory = \"./output\"\n",
    "\n",
    "global_min = np.array([np.inf, np.inf, np.inf]) \n",
    "global_max = np.array([-np.inf, -np.inf, -np.inf]) \n",
    "\n",
    "\n",
    "for filename in os.listdir(directory):\n",
    "    if filename.endswith(\".txt\"):\n",
    "        file_path = os.path.join(directory, filename)\n",
    "\n",
    "        data = np.loadtxt(file_path, delimiter=',')\n",
    "        \n",
    "        file_min = np.min(data, axis=0)\n",
    "        file_max = np.max(data, axis=0)\n",
    "        \n",
    "        global_min = np.minimum(global_min, file_min)\n",
    "        global_max = np.maximum(global_max, file_max)\n",
    "\n",
    "print(\"Global min XYZ:\", global_min)\n",
    "print(\"Global max XYZ:\", global_max)"
   ]
  },
  {
   "cell_type": "markdown",
   "metadata": {},
   "source": [
    "### **相关函数测试**"
   ]
  },
  {
   "cell_type": "code",
   "execution_count": 27,
   "metadata": {},
   "outputs": [
    {
     "data": {
      "text/plain": [
       "[array([[ 1.00000e+00,  9.31323e-10, -3.27418e-11,  0.00000e+00],\n",
       "        [-9.31323e-10,  1.00000e+00, -4.65661e-10,  7.45058e-09],\n",
       "        [ 1.09139e-11, -9.31323e-10,  1.00000e+00,  0.00000e+00],\n",
       "        [ 0.00000e+00,  0.00000e+00,  0.00000e+00,  1.00000e+00]]),\n",
       " array([[ 0.999991  , -0.00316351, -0.00274942, -0.00135393],\n",
       "        [ 0.00316045,  0.999994  , -0.00111659, -0.0248245 ],\n",
       "        [ 0.00275294,  0.00110789,  0.999996  ,  0.672716  ],\n",
       "        [ 0.        ,  0.        ,  0.        ,  1.        ]]),\n",
       " array([[ 0.999969  , -0.00274641, -0.00740973, -0.00497909],\n",
       "        [ 0.00272564,  0.999992  , -0.00281192, -0.0381271 ],\n",
       "        [ 0.0074174 ,  0.00279163,  0.999969  ,  1.37469   ],\n",
       "        [ 0.        ,  0.        ,  0.        ,  1.        ]]),\n",
       " array([[ 0.999925  , -0.00226129, -0.0120078 , -0.0149304 ],\n",
       "        [ 0.0022199 ,  0.999992  , -0.00345849, -0.0500735 ],\n",
       "        [ 0.0120155 ,  0.00343158,  0.999922  ,  2.08592   ],\n",
       "        [ 0.        ,  0.        ,  0.        ,  1.        ]]),\n",
       " array([[ 9.99855e-01, -1.03747e-03, -1.70278e-02, -3.15576e-02],\n",
       "        [ 9.71246e-04,  9.99992e-01, -3.89727e-03, -5.97511e-02],\n",
       "        [ 1.70317e-02,  3.88016e-03,  9.99847e-01,  2.81254e+00],\n",
       "        [ 0.00000e+00,  0.00000e+00,  0.00000e+00,  1.00000e+00]]),\n",
       " array([[ 9.99759e-01, -2.22044e-03, -2.18404e-02, -4.95894e-02],\n",
       "        [ 2.13642e-03,  9.99990e-01, -3.86960e-03, -7.35588e-02],\n",
       "        [ 2.18488e-02,  3.82200e-03,  9.99754e-01,  3.55139e+00],\n",
       "        [ 0.00000e+00,  0.00000e+00,  0.00000e+00,  1.00000e+00]]),\n",
       " array([[ 9.99690e-01, -9.11992e-04, -2.48676e-02, -8.10928e-02],\n",
       "        [ 7.85158e-04,  9.99987e-01, -5.10963e-03, -8.82149e-02],\n",
       "        [ 2.48720e-02,  5.08852e-03,  9.99678e-01,  4.31233e+00],\n",
       "        [ 0.00000e+00,  0.00000e+00,  0.00000e+00,  1.00000e+00]]),\n",
       " array([[ 9.99573e-01,  2.54257e-03, -2.91203e-02, -1.10765e-01],\n",
       "        [-2.72044e-03,  9.99978e-01, -6.07018e-03, -1.05792e-01],\n",
       "        [ 2.91042e-02,  6.14681e-03,  9.99558e-01,  5.08088e+00],\n",
       "        [ 0.00000e+00,  0.00000e+00,  0.00000e+00,  1.00000e+00]]),\n",
       " array([[ 9.99438e-01,  4.34114e-03, -3.32473e-02, -1.42767e-01],\n",
       "        [-4.50281e-03,  9.99978e-01, -4.78932e-03, -1.18190e-01],\n",
       "        [ 3.32258e-02,  4.93634e-03,  9.99436e-01,  5.87572e+00],\n",
       "        [ 0.00000e+00,  0.00000e+00,  0.00000e+00,  1.00000e+00]]),\n",
       " array([[ 9.99253e-01,  4.11408e-03, -3.84275e-02, -1.78263e-01],\n",
       "        [-4.20248e-03,  9.99989e-01, -2.21999e-03, -1.30267e-01],\n",
       "        [ 3.84179e-02,  2.37982e-03,  9.99259e-01,  6.68287e+00],\n",
       "        [ 0.00000e+00,  0.00000e+00,  0.00000e+00,  1.00000e+00]]),\n",
       " array([[ 9.99140e-01,  3.16445e-03, -4.13488e-02, -2.10747e-01],\n",
       "        [-3.14262e-03,  9.99995e-01,  5.92886e-04, -1.47616e-01],\n",
       "        [ 4.13505e-02, -4.62433e-04,  9.99145e-01,  7.48990e+00],\n",
       "        [ 0.00000e+00,  0.00000e+00,  0.00000e+00,  1.00000e+00]]),\n",
       " array([[ 9.99058e-01,  4.15894e-03, -4.32060e-02, -2.62974e-01],\n",
       "        [-4.15197e-03,  9.99991e-01,  2.50934e-04, -1.60833e-01],\n",
       "        [ 4.32067e-02, -7.13076e-05,  9.99066e-01,  8.30760e+00],\n",
       "        [ 0.00000e+00,  0.00000e+00,  0.00000e+00,  1.00000e+00]]),\n",
       " array([[ 9.98902e-01,  4.40742e-03, -4.66352e-02, -2.99289e-01],\n",
       "        [-4.42604e-03,  9.99990e-01, -2.95968e-04, -1.72621e-01],\n",
       "        [ 4.66335e-02,  5.02053e-04,  9.98912e-01,  9.12611e+00],\n",
       "        [ 0.00000e+00,  0.00000e+00,  0.00000e+00,  1.00000e+00]]),\n",
       " array([[ 9.98803e-01,  1.96140e-03, -4.88846e-02, -3.44714e-01],\n",
       "        [-1.99714e-03,  9.99998e-01, -6.82205e-04, -1.88522e-01],\n",
       "        [ 4.88832e-02,  7.79017e-04,  9.98804e-01,  9.97755e+00],\n",
       "        [ 0.00000e+00,  0.00000e+00,  0.00000e+00,  1.00000e+00]]),\n",
       " array([[ 9.98667e-01,  1.53675e-03, -5.15914e-02, -3.85460e-01],\n",
       "        [-1.54299e-03,  9.99999e-01, -8.11308e-05, -1.99615e-01],\n",
       "        [ 5.15912e-02,  1.60627e-04,  9.98668e-01,  1.08113e+01],\n",
       "        [ 0.00000e+00,  0.00000e+00,  0.00000e+00,  1.00000e+00]]),\n",
       " array([[ 9.98627e-01, -7.93846e-04, -5.23850e-02, -4.41211e-01],\n",
       "        [ 7.53575e-04,  9.99999e-01, -7.88476e-04, -2.16378e-01],\n",
       "        [ 5.23856e-02,  7.47916e-04,  9.98627e-01,  1.16710e+01],\n",
       "        [ 0.00000e+00,  0.00000e+00,  0.00000e+00,  1.00000e+00]]),\n",
       " array([[ 9.98523e-01,  1.38179e-03, -5.43057e-02, -4.92094e-01],\n",
       "        [-1.52752e-03,  9.99995e-01, -2.64212e-03, -2.30770e-01],\n",
       "        [ 5.43018e-02,  2.72117e-03,  9.98521e-01,  1.25280e+01],\n",
       "        [ 0.00000e+00,  0.00000e+00,  0.00000e+00,  1.00000e+00]]),\n",
       " array([[ 9.98391e-01,  2.84429e-03, -5.66320e-02, -5.38914e-01],\n",
       "        [-3.16810e-03,  9.99979e-01, -5.62889e-03, -2.51279e-01],\n",
       "        [ 5.66148e-02,  5.79925e-03,  9.98379e-01,  1.33993e+01],\n",
       "        [ 0.00000e+00,  0.00000e+00,  0.00000e+00,  1.00000e+00]]),\n",
       " array([[ 9.98280e-01,  6.72065e-03, -5.82482e-02, -6.04149e-01],\n",
       "        [-7.13485e-03,  9.99951e-01, -6.90587e-03, -2.63994e-01],\n",
       "        [ 5.81989e-02,  7.30958e-03,  9.98278e-01,  1.42792e+01],\n",
       "        [ 0.00000e+00,  0.00000e+00,  0.00000e+00,  1.00000e+00]]),\n",
       " array([[ 9.98220e-01,  7.87007e-03, -5.91167e-02, -6.62702e-01],\n",
       "        [-8.29494e-03,  9.99942e-01, -6.94507e-03, -2.81518e-01],\n",
       "        [ 5.90586e-02,  7.42308e-03,  9.98227e-01,  1.51595e+01],\n",
       "        [ 0.00000e+00,  0.00000e+00,  0.00000e+00,  1.00000e+00]]),\n",
       " array([[ 9.98132e-01,  7.29432e-03, -6.06564e-02, -7.21128e-01],\n",
       "        [-7.63461e-03,  9.99956e-01, -5.38031e-03, -3.02850e-01],\n",
       "        [ 6.06145e-02,  5.83335e-03,  9.98144e-01,  1.60523e+01],\n",
       "        [ 0.00000e+00,  0.00000e+00,  0.00000e+00,  1.00000e+00]]),\n",
       " array([[ 9.98087e-01,  6.89530e-03, -6.14387e-02, -7.80393e-01],\n",
       "        [-7.15905e-03,  9.99966e-01, -4.07378e-03, -3.20274e-01],\n",
       "        [ 6.14085e-02,  4.50583e-03,  9.98103e-01,  1.69488e+01],\n",
       "        [ 0.00000e+00,  0.00000e+00,  0.00000e+00,  1.00000e+00]]),\n",
       " array([[ 9.98000e-01,  7.21622e-03, -6.27985e-02, -8.37816e-01],\n",
       "        [-7.46309e-03,  9.99965e-01, -3.69753e-03, -3.44831e-01],\n",
       "        [ 6.27696e-02,  4.15881e-03,  9.98019e-01,  1.78632e+01],\n",
       "        [ 0.00000e+00,  0.00000e+00,  0.00000e+00,  1.00000e+00]]),\n",
       " array([[ 9.97975e-01,  7.19289e-03, -6.31945e-02, -9.10152e-01],\n",
       "        [-7.51719e-03,  9.99960e-01, -4.89542e-03, -3.58844e-01],\n",
       "        [ 6.31567e-02,  5.36056e-03,  9.97989e-01,  1.87718e+01],\n",
       "        [ 0.00000e+00,  0.00000e+00,  0.00000e+00,  1.00000e+00]]),\n",
       " array([[ 9.97896e-01,  5.94776e-03, -6.45668e-02, -9.66439e-01],\n",
       "        [-6.27983e-03,  9.99968e-01, -4.94123e-03, -3.82531e-01],\n",
       "        [ 6.45354e-02,  5.33631e-03,  9.97901e-01,  1.96786e+01],\n",
       "        [ 0.00000e+00,  0.00000e+00,  0.00000e+00,  1.00000e+00]]),\n",
       " array([[ 9.97795e-01,  5.77941e-03, -6.61228e-02, -1.02823e+00],\n",
       "        [-6.00119e-03,  9.99977e-01, -3.15596e-03, -4.01862e-01],\n",
       "        [ 6.61030e-02,  3.54581e-03,  9.97807e-01,  2.06077e+01],\n",
       "        [ 0.00000e+00,  0.00000e+00,  0.00000e+00,  1.00000e+00]]),\n",
       " array([[ 9.97893e-01,  6.72229e-03, -6.45350e-02, -1.09595e+00],\n",
       "        [-6.71921e-03,  9.99977e-01,  2.64697e-04, -4.15010e-01],\n",
       "        [ 6.45353e-02,  1.69486e-04,  9.97916e-01,  2.15416e+01],\n",
       "        [ 0.00000e+00,  0.00000e+00,  0.00000e+00,  1.00000e+00]]),\n",
       " array([[ 9.97889e-01,  7.36149e-03, -6.45191e-02, -1.15654e+00],\n",
       "        [-7.12305e-03,  9.99967e-01,  3.92487e-03, -4.31853e-01],\n",
       "        [ 6.45459e-02, -3.45702e-03,  9.97909e-01,  2.24860e+01],\n",
       "        [ 0.00000e+00,  0.00000e+00,  0.00000e+00,  1.00000e+00]]),\n",
       " array([[ 9.97964e-01,  6.39004e-03, -6.34650e-02, -1.21841e+00],\n",
       "        [-5.96684e-03,  9.99959e-01,  6.85551e-03, -4.42871e-01],\n",
       "        [ 6.35062e-02, -6.46287e-03,  9.97961e-01,  2.34278e+01],\n",
       "        [ 0.00000e+00,  0.00000e+00,  0.00000e+00,  1.00000e+00]]),\n",
       " array([[ 9.98111e-01,  5.62091e-03, -6.11728e-02, -1.28023e+00],\n",
       "        [-5.14873e-03,  9.99956e-01,  7.87369e-03, -4.53581e-01],\n",
       "        [ 6.12143e-02, -7.54385e-03,  9.98096e-01,  2.43616e+01],\n",
       "        [ 0.00000e+00,  0.00000e+00,  0.00000e+00,  1.00000e+00]]),\n",
       " array([[ 9.98231e-01,  6.42274e-03, -5.91148e-02, -1.34392e+00],\n",
       "        [-6.16383e-03,  9.99971e-01,  4.56120e-03, -4.66575e-01],\n",
       "        [ 5.91424e-02, -4.18876e-03,  9.98241e-01,  2.53199e+01],\n",
       "        [ 0.00000e+00,  0.00000e+00,  0.00000e+00,  1.00000e+00]]),\n",
       " array([[ 9.98282e-01,  7.79483e-03, -5.80795e-02, -1.40071e+00],\n",
       "        [-7.78904e-03,  9.99970e-01,  3.26085e-04, -4.77315e-01],\n",
       "        [ 5.80802e-02,  1.26858e-04,  9.98312e-01,  2.62570e+01],\n",
       "        [ 0.00000e+00,  0.00000e+00,  0.00000e+00,  1.00000e+00]]),\n",
       " array([[ 9.98335e-01,  7.05148e-03, -5.72591e-02, -1.45703e+00],\n",
       "        [-7.23358e-03,  9.99969e-01, -2.97362e-03, -4.91856e-01],\n",
       "        [ 5.72364e-02,  3.38285e-03,  9.98355e-01,  2.72271e+01],\n",
       "        [ 0.00000e+00,  0.00000e+00,  0.00000e+00,  1.00000e+00]]),\n",
       " array([[ 9.98433e-01,  4.59208e-03, -5.57820e-02, -1.51767e+00],\n",
       "        [-4.72915e-03,  9.99986e-01, -2.32548e-03, -5.08830e-01],\n",
       "        [ 5.57705e-02,  2.58563e-03,  9.98440e-01,  2.81904e+01],\n",
       "        [ 0.00000e+00,  0.00000e+00,  0.00000e+00,  1.00000e+00]]),\n",
       " array([[ 9.98455e-01,  1.92273e-03, -5.55364e-02, -1.56726e+00],\n",
       "        [-1.76222e-03,  9.99994e-01,  2.93892e-03, -5.23495e-01],\n",
       "        [ 5.55417e-02, -2.83651e-03,  9.98452e-01,  2.91722e+01],\n",
       "        [ 0.00000e+00,  0.00000e+00,  0.00000e+00,  1.00000e+00]]),\n",
       " array([[ 9.98388e-01, -2.43203e-03, -5.67028e-02, -1.62289e+00],\n",
       "        [ 2.78553e-03,  9.99977e-01,  6.15612e-03, -5.36925e-01],\n",
       "        [ 5.66865e-02, -6.30415e-03,  9.98372e-01,  3.01338e+01],\n",
       "        [ 0.00000e+00,  0.00000e+00,  0.00000e+00,  1.00000e+00]]),\n",
       " array([[ 9.98310e-01, -1.02930e-02, -5.72001e-02, -1.67026e+00],\n",
       "        [ 1.06345e-02,  9.99927e-01,  5.66930e-03, -5.54943e-01],\n",
       "        [ 5.71376e-02, -6.26801e-03,  9.98347e-01,  3.11272e+01],\n",
       "        [ 0.00000e+00,  0.00000e+00,  0.00000e+00,  1.00000e+00]]),\n",
       " array([[ 9.98242e-01, -1.16989e-02, -5.81134e-02, -1.72942e+00],\n",
       "        [ 1.18201e-02,  9.99929e-01,  1.74300e-03, -5.68336e-01],\n",
       "        [ 5.80889e-02, -2.42685e-03,  9.98309e-01,  3.20948e+01],\n",
       "        [ 0.00000e+00,  0.00000e+00,  0.00000e+00,  1.00000e+00]]),\n",
       " array([[ 9.98181e-01, -1.19291e-02, -5.91013e-02, -1.78559e+00],\n",
       "        [ 1.18132e-02,  9.99928e-01, -2.30998e-03, -5.83090e-01],\n",
       "        [ 5.91246e-02,  1.60760e-03,  9.98249e-01,  3.30551e+01],\n",
       "        [ 0.00000e+00,  0.00000e+00,  0.00000e+00,  1.00000e+00]]),\n",
       " array([[ 9.98083e-01, -1.13993e-02, -6.08387e-02, -1.85256e+00],\n",
       "        [ 1.12278e-02,  9.99932e-01, -3.16009e-03, -5.95987e-01],\n",
       "        [ 6.08706e-02,  2.47095e-03,  9.98143e-01,  3.40553e+01],\n",
       "        [ 0.00000e+00,  0.00000e+00,  0.00000e+00,  1.00000e+00]]),\n",
       " array([[ 9.98019e-01, -1.27525e-02, -6.16142e-02, -1.91824e+00],\n",
       "        [ 1.26755e-02,  9.99918e-01, -1.64082e-03, -6.20186e-01],\n",
       "        [ 6.16301e-02,  8.56579e-04,  9.98099e-01,  3.50587e+01],\n",
       "        [ 0.00000e+00,  0.00000e+00,  0.00000e+00,  1.00000e+00]]),\n",
       " array([[ 9.97949e-01, -1.03809e-02, -6.31670e-02, -1.98531e+00],\n",
       "        [ 1.04592e-02,  9.99945e-01,  9.08988e-04, -6.31125e-01],\n",
       "        [ 6.31541e-02, -1.56780e-03,  9.98003e-01,  3.60639e+01],\n",
       "        [ 0.00000e+00,  0.00000e+00,  0.00000e+00,  1.00000e+00]]),\n",
       " array([[ 9.97906e-01, -8.86110e-03, -6.40781e-02, -2.05741e+00],\n",
       "        [ 9.04412e-03,  9.99956e-01,  2.56674e-03, -6.50880e-01],\n",
       "        [ 6.40525e-02, -3.14090e-03,  9.97942e-01,  3.70672e+01],\n",
       "        [ 0.00000e+00,  0.00000e+00,  0.00000e+00,  1.00000e+00]]),\n",
       " array([[ 9.97805e-01, -8.94434e-03, -6.56137e-02, -2.12636e+00],\n",
       "        [ 9.27521e-03,  9.99946e-01,  4.73984e-03, -6.63418e-01],\n",
       "        [ 6.55677e-02, -5.33801e-03,  9.97834e-01,  3.80651e+01],\n",
       "        [ 0.00000e+00,  0.00000e+00,  0.00000e+00,  1.00000e+00]]),\n",
       " array([[ 9.97840e-01, -8.76153e-03, -6.51102e-02, -2.19520e+00],\n",
       "        [ 9.30696e-03,  9.99924e-01,  8.07844e-03, -6.85399e-01],\n",
       "        [ 6.50344e-02, -8.66697e-03,  9.97845e-01,  3.90527e+01],\n",
       "        [ 0.00000e+00,  0.00000e+00,  0.00000e+00,  1.00000e+00]]),\n",
       " array([[ 9.97829e-01, -3.81802e-03, -6.57447e-02, -2.27451e+00],\n",
       "        [ 4.48825e-03,  9.99939e-01,  1.00498e-02, -6.85963e-01],\n",
       "        [ 6.57024e-02, -1.03230e-02,  9.97786e-01,  4.00773e+01],\n",
       "        [ 0.00000e+00,  0.00000e+00,  0.00000e+00,  1.00000e+00]]),\n",
       " array([[ 9.97810e-01, -2.75662e-03, -6.60915e-02, -2.34383e+00],\n",
       "        [ 3.40334e-03,  9.99947e-01,  9.67459e-03, -7.03293e-01],\n",
       "        [ 6.60613e-02, -9.87833e-03,  9.97767e-01,  4.10500e+01],\n",
       "        [ 0.00000e+00,  0.00000e+00,  0.00000e+00,  1.00000e+00]]),\n",
       " array([[ 9.97798e-01, -3.59999e-03, -6.62247e-02, -2.41144e+00],\n",
       "        [ 4.14820e-03,  9.99958e-01,  8.14243e-03, -7.13981e-01],\n",
       "        [ 6.61926e-02, -8.39922e-03,  9.97772e-01,  4.20370e+01],\n",
       "        [ 0.00000e+00,  0.00000e+00,  0.00000e+00,  1.00000e+00]]),\n",
       " array([[ 9.97810e-01, -2.54127e-04, -6.61464e-02, -2.48351e+00],\n",
       "        [ 6.20766e-04,  9.99985e-01,  5.52236e-03, -7.28916e-01],\n",
       "        [ 6.61439e-02, -5.55133e-03,  9.97795e-01,  4.30425e+01],\n",
       "        [ 0.00000e+00,  0.00000e+00,  0.00000e+00,  1.00000e+00]]),\n",
       " array([[ 9.97754e-01, -1.30684e-03, -6.69684e-02, -2.55487e+00],\n",
       "        [ 1.68814e-03,  9.99983e-01,  5.63740e-03, -7.40186e-01],\n",
       "        [ 6.69598e-02, -5.73779e-03,  9.97739e-01,  4.40188e+01],\n",
       "        [ 0.00000e+00,  0.00000e+00,  0.00000e+00,  1.00000e+00]]),\n",
       " array([[ 9.97681e-01, -3.57543e-03, -6.79717e-02, -2.62545e+00],\n",
       "        [ 4.03853e-03,  9.99970e-01,  6.67684e-03, -7.55806e-01],\n",
       "        [ 6.79458e-02, -6.93586e-03,  9.97665e-01,  4.50077e+01],\n",
       "        [ 0.00000e+00,  0.00000e+00,  0.00000e+00,  1.00000e+00]]),\n",
       " array([[ 9.97640e-01, -3.35839e-03, -6.85725e-02, -2.69544e+00],\n",
       "        [ 3.89373e-03,  9.99963e-01,  7.67471e-03, -7.68872e-01],\n",
       "        [ 6.85442e-02, -7.92361e-03,  9.97617e-01,  4.60096e+01],\n",
       "        [ 0.00000e+00,  0.00000e+00,  0.00000e+00,  1.00000e+00]]),\n",
       " array([[ 9.97565e-01, -1.23463e-03, -6.97357e-02, -2.77052e+00],\n",
       "        [ 1.60000e-03,  9.99985e-01,  5.18384e-03, -7.92382e-01],\n",
       "        [ 6.97283e-02, -5.28279e-03,  9.97552e-01,  4.69759e+01],\n",
       "        [ 0.00000e+00,  0.00000e+00,  0.00000e+00,  1.00000e+00]]),\n",
       " array([[ 9.97559e-01,  6.96271e-04, -6.98316e-02, -2.84798e+00],\n",
       "        [-6.98756e-04,  1.00000e+00, -1.11680e-05, -8.02833e-01],\n",
       "        [ 6.98315e-02,  5.99353e-05,  9.97559e-01,  4.79605e+01],\n",
       "        [ 0.00000e+00,  0.00000e+00,  0.00000e+00,  1.00000e+00]]),\n",
       " array([[ 9.97508e-01,  8.65036e-04, -7.05450e-02, -2.92206e+00],\n",
       "        [-9.40669e-04,  9.99999e-01, -1.03893e-03, -8.21567e-01],\n",
       "        [ 7.05440e-02,  1.10270e-03,  9.97508e-01,  4.89308e+01],\n",
       "        [ 0.00000e+00,  0.00000e+00,  0.00000e+00,  1.00000e+00]]),\n",
       " array([[ 9.97435e-01, -1.94928e-04, -7.15816e-02, -2.98990e+00],\n",
       "        [ 3.42850e-04,  9.99998e-01,  2.05420e-03, -8.36634e-01],\n",
       "        [ 7.15810e-02, -2.07347e-03,  9.97433e-01,  4.98995e+01],\n",
       "        [ 0.00000e+00,  0.00000e+00,  0.00000e+00,  1.00000e+00]]),\n",
       " array([[ 9.97431e-01, -3.56009e-03, -7.15470e-02, -3.06386e+00],\n",
       "        [ 3.99547e-03,  9.99974e-01,  5.94307e-03, -8.59361e-01],\n",
       "        [ 7.15240e-02, -6.21367e-03,  9.97420e-01,  5.08856e+01],\n",
       "        [ 0.00000e+00,  0.00000e+00,  0.00000e+00,  1.00000e+00]]),\n",
       " array([[ 9.97345e-01, -4.30948e-03, -7.26902e-02, -3.13404e+00],\n",
       "        [ 4.79924e-03,  9.99967e-01,  6.56438e-03, -8.71029e-01],\n",
       "        [ 7.26595e-02, -6.89581e-03,  9.97333e-01,  5.18435e+01],\n",
       "        [ 0.00000e+00,  0.00000e+00,  0.00000e+00,  1.00000e+00]]),\n",
       " array([[ 9.97316e-01, -7.80673e-03, -7.28080e-02, -3.21012e+00],\n",
       "        [ 8.21893e-03,  9.99952e-01,  5.36358e-03, -8.87900e-01],\n",
       "        [ 7.27626e-02, -5.94758e-03,  9.97332e-01,  5.27950e+01],\n",
       "        [ 0.00000e+00,  0.00000e+00,  0.00000e+00,  1.00000e+00]]),\n",
       " array([[ 9.97334e-01, -1.05258e-02, -7.22033e-02, -3.27748e+00],\n",
       "        [ 1.08416e-02,  9.99933e-01,  3.98328e-03, -9.10420e-01],\n",
       "        [ 7.21565e-02, -4.75546e-03,  9.97382e-01,  5.37668e+01],\n",
       "        [ 0.00000e+00,  0.00000e+00,  0.00000e+00,  1.00000e+00]]),\n",
       " array([[ 9.97244e-01, -1.14504e-02, -7.33027e-02, -3.34488e+00],\n",
       "        [ 1.18325e-02,  9.99919e-01,  4.77994e-03, -9.22243e-01],\n",
       "        [ 7.32419e-02, -5.63412e-03,  9.97298e-01,  5.47008e+01],\n",
       "        [ 0.00000e+00,  0.00000e+00,  0.00000e+00,  1.00000e+00]]),\n",
       " array([[ 9.97102e-01, -1.44808e-02, -7.46911e-02, -3.41200e+00],\n",
       "        [ 1.52000e-02,  9.99843e-01,  9.07045e-03, -9.33155e-01],\n",
       "        [ 7.45481e-02, -1.01795e-02,  9.97166e-01,  5.56732e+01],\n",
       "        [ 0.00000e+00,  0.00000e+00,  0.00000e+00,  1.00000e+00]]),\n",
       " array([[ 9.97015e-01, -1.67858e-02, -7.53622e-02, -3.48014e+00],\n",
       "        [ 1.78756e-02,  9.99745e-01,  1.38093e-02, -9.52681e-01],\n",
       "        [ 7.51112e-02, -1.51152e-02,  9.97061e-01,  5.66156e+01],\n",
       "        [ 0.00000e+00,  0.00000e+00,  0.00000e+00,  1.00000e+00]]),\n",
       " array([[ 9.96993e-01, -1.51962e-02, -7.59954e-02, -3.55496e+00],\n",
       "        [ 1.64605e-02,  9.99736e-01,  1.60382e-02, -9.53263e-01],\n",
       "        [ 7.57316e-02, -1.72409e-02,  9.96979e-01,  5.75487e+01],\n",
       "        [ 0.00000e+00,  0.00000e+00,  0.00000e+00,  1.00000e+00]]),\n",
       " array([[ 9.96903e-01, -1.42699e-02, -7.73315e-02, -3.63804e+00],\n",
       "        [ 1.53079e-02,  9.99800e-01,  1.28472e-02, -9.63086e-01],\n",
       "        [ 7.71328e-02, -1.39912e-02,  9.96923e-01,  5.85079e+01],\n",
       "        [ 0.00000e+00,  0.00000e+00,  0.00000e+00,  1.00000e+00]]),\n",
       " array([[ 9.96821e-01, -1.16009e-02, -7.88257e-02, -3.71370e+00],\n",
       "        [ 1.20458e-02,  9.99914e-01,  5.17135e-03, -9.75570e-01],\n",
       "        [ 7.87589e-02, -6.10443e-03,  9.96875e-01,  5.94006e+01],\n",
       "        [ 0.00000e+00,  0.00000e+00,  0.00000e+00,  1.00000e+00]]),\n",
       " array([[ 9.96771e-01, -9.89424e-03, -7.96918e-02, -3.79413e+00],\n",
       "        [ 9.91433e-03,  9.99951e-01, -1.43457e-04, -9.97934e-01],\n",
       "        [ 7.96893e-02, -6.47099e-04,  9.96820e-01,  6.03137e+01],\n",
       "        [ 0.00000e+00,  0.00000e+00,  0.00000e+00,  1.00000e+00]]),\n",
       " array([[ 9.96708e-01, -5.09150e-03, -8.09163e-02, -3.87702e+00],\n",
       "        [ 5.11132e-03,  9.99987e-01,  3.77698e-05, -1.00663e+00],\n",
       "        [ 8.09151e-02, -4.51236e-04,  9.96721e-01,  6.12263e+01],\n",
       "        [ 0.00000e+00,  0.00000e+00,  0.00000e+00,  1.00000e+00]]),\n",
       " array([[ 9.96687e-01, -2.89034e-03, -8.12824e-02, -3.95914e+00],\n",
       "        [ 3.11327e-03,  9.99992e-01,  2.61602e-03, -1.02783e+00],\n",
       "        [ 8.12741e-02, -2.86041e-03,  9.96688e-01,  6.21030e+01],\n",
       "        [ 0.00000e+00,  0.00000e+00,  0.00000e+00,  1.00000e+00]]),\n",
       " array([[ 9.96569e-01, -1.03744e-03, -8.27572e-02, -4.04281e+00],\n",
       "        [ 1.39599e-03,  9.99990e-01,  4.27474e-03, -1.04945e+00],\n",
       "        [ 8.27520e-02, -4.37560e-03,  9.96561e-01,  6.30118e+01],\n",
       "        [ 0.00000e+00,  0.00000e+00,  0.00000e+00,  1.00000e+00]]),\n",
       " array([[ 9.96563e-01,  7.96199e-04, -8.28337e-02, -4.11860e+00],\n",
       "        [-4.52081e-04,  9.99991e-01,  4.17302e-03, -1.06532e+00],\n",
       "        [ 8.28363e-02, -4.12123e-03,  9.96555e-01,  6.38758e+01],\n",
       "        [ 0.00000e+00,  0.00000e+00,  0.00000e+00,  1.00000e+00]]),\n",
       " array([[ 9.96407e-01,  1.88540e-03, -8.46699e-02, -4.19503e+00],\n",
       "        [-1.49724e-03,  9.99988e-01,  4.64770e-03, -1.08189e+00],\n",
       "        [ 8.46777e-02, -4.50423e-03,  9.96398e-01,  6.47211e+01],\n",
       "        [ 0.00000e+00,  0.00000e+00,  0.00000e+00,  1.00000e+00]]),\n",
       " array([[ 9.96322e-01,  2.66493e-03, -8.56453e-02, -4.27192e+00],\n",
       "        [-2.24943e-03,  9.99985e-01,  4.94754e-03, -1.09964e+00],\n",
       "        [ 8.56572e-02, -4.73669e-03,  9.96314e-01,  6.55679e+01],\n",
       "        [ 0.00000e+00,  0.00000e+00,  0.00000e+00,  1.00000e+00]]),\n",
       " array([[ 9.96179e-01,  2.65023e-03, -8.72909e-02, -4.35055e+00],\n",
       "        [-2.14610e-03,  9.99981e-01,  5.86865e-03, -1.11719e+00],\n",
       "        [ 8.73048e-02, -5.65889e-03,  9.96166e-01,  6.63845e+01],\n",
       "        [ 0.00000e+00,  0.00000e+00,  0.00000e+00,  1.00000e+00]]),\n",
       " array([[ 9.96031e-01,  2.94538e-03, -8.89572e-02, -4.42133e+00],\n",
       "        [-2.34800e-03,  9.99974e-01,  6.81928e-03, -1.13311e+00],\n",
       "        [ 8.89750e-02, -6.58334e-03,  9.96012e-01,  6.71856e+01],\n",
       "        [ 0.00000e+00,  0.00000e+00,  0.00000e+00,  1.00000e+00]]),\n",
       " array([[ 9.95852e-01,  5.24193e-03, -9.08334e-02, -4.50573e+00],\n",
       "        [-4.41681e-03,  9.99947e-01,  9.28256e-03, -1.14447e+00],\n",
       "        [ 9.08772e-02, -8.84287e-03,  9.95823e-01,  6.80131e+01],\n",
       "        [ 0.00000e+00,  0.00000e+00,  0.00000e+00,  1.00000e+00]]),\n",
       " array([[ 9.95761e-01,  6.44141e-03, -9.17575e-02, -4.59581e+00],\n",
       "        [-5.26771e-03,  9.99901e-01,  1.30279e-02, -1.15296e+00],\n",
       "        [ 9.18323e-02, -1.24893e-02,  9.95696e-01,  6.87940e+01],\n",
       "        [ 0.00000e+00,  0.00000e+00,  0.00000e+00,  1.00000e+00]]),\n",
       " array([[ 9.95597e-01,  8.12973e-03, -9.33844e-02, -4.67173e+00],\n",
       "        [-6.75545e-03,  9.99864e-01,  1.50231e-02, -1.16186e+00],\n",
       "        [ 9.34938e-02, -1.43261e-02,  9.95517e-01,  6.95627e+01],\n",
       "        [ 0.00000e+00,  0.00000e+00,  0.00000e+00,  1.00000e+00]]),\n",
       " array([[ 9.95499e-01,  1.11989e-02, -9.41110e-02, -4.75593e+00],\n",
       "        [-1.01958e-02,  9.99886e-01,  1.11322e-02, -1.17652e+00],\n",
       "        [ 9.42250e-02, -1.01226e-02,  9.95500e-01,  7.02997e+01],\n",
       "        [ 0.00000e+00,  0.00000e+00,  0.00000e+00,  1.00000e+00]]),\n",
       " array([[ 9.95339e-01,  1.22633e-02, -9.56595e-02, -4.83011e+00],\n",
       "        [-1.19615e-02,  9.99922e-01,  3.72727e-03, -1.19068e+00],\n",
       "        [ 9.56977e-02, -2.56567e-03,  9.95407e-01,  7.10316e+01],\n",
       "        [ 0.00000e+00,  0.00000e+00,  0.00000e+00,  1.00000e+00]]),\n",
       " array([[ 9.95267e-01,  1.10879e-02, -9.65503e-02, -4.90463e+00],\n",
       "        [-1.13669e-02,  9.99933e-01, -2.34034e-03, -1.20736e+00],\n",
       "        [ 9.65179e-02,  3.42674e-03,  9.95325e-01,  7.17362e+01],\n",
       "        [ 0.00000e+00,  0.00000e+00,  0.00000e+00,  1.00000e+00]]),\n",
       " array([[ 9.95199e-01,  1.33978e-02, -9.69530e-02, -4.97724e+00],\n",
       "        [-1.38503e-02,  9.99896e-01, -3.99557e-03, -1.21767e+00],\n",
       "        [ 9.68894e-02,  5.31921e-03,  9.95281e-01,  7.24157e+01],\n",
       "        [ 0.00000e+00,  0.00000e+00,  0.00000e+00,  1.00000e+00]]),\n",
       " array([[ 9.95033e-01,  1.41835e-02, -9.85349e-02, -5.04996e+00],\n",
       "        [-1.43270e-02,  9.99897e-01, -7.49166e-04, -1.23307e+00],\n",
       "        [ 9.85141e-02,  2.15716e-03,  9.95133e-01,  7.31025e+01],\n",
       "        [ 0.00000e+00,  0.00000e+00,  0.00000e+00,  1.00000e+00]]),\n",
       " array([[ 9.94933e-01,  1.37023e-02, -9.96043e-02, -5.12063e+00],\n",
       "        [-1.36077e-02,  9.99906e-01,  1.62862e-03, -1.25582e+00],\n",
       "        [ 9.96173e-02, -2.64987e-04,  9.95026e-01,  7.37515e+01],\n",
       "        [ 0.00000e+00,  0.00000e+00,  0.00000e+00,  1.00000e+00]]),\n",
       " array([[ 9.94884e-01,  1.10465e-02, -1.00416e-01, -5.17991e+00],\n",
       "        [-1.12298e-02,  9.99936e-01, -1.26046e-03, -1.27450e+00],\n",
       "        [ 1.00395e-01,  2.38166e-03,  9.94945e-01,  7.43678e+01],\n",
       "        [ 0.00000e+00,  0.00000e+00,  0.00000e+00,  1.00000e+00]]),\n",
       " array([[ 9.94941e-01,  4.22583e-03, -1.00376e-01, -5.23536e+00],\n",
       "        [-4.86885e-03,  9.99969e-01, -6.16197e-03, -1.29702e+00],\n",
       "        [ 1.00346e-01,  6.61951e-03,  9.94931e-01,  7.49797e+01],\n",
       "        [ 0.00000e+00,  0.00000e+00,  0.00000e+00,  1.00000e+00]]),\n",
       " array([[ 9.95071e-01,  4.05082e-04, -9.91616e-02, -5.29479e+00],\n",
       "        [-1.51032e-03,  9.99938e-01, -1.10710e-02, -1.31555e+00],\n",
       "        [ 9.91509e-02,  1.11662e-02,  9.95010e-01,  7.55860e+01],\n",
       "        [ 0.00000e+00,  0.00000e+00,  0.00000e+00,  1.00000e+00]]),\n",
       " array([[ 9.95365e-01,  1.78030e-03, -9.61506e-02, -5.34772e+00],\n",
       "        [-2.90107e-03,  9.99930e-01, -1.15179e-02, -1.33287e+00],\n",
       "        [ 9.61233e-02,  1.17435e-02,  9.95300e-01,  7.61446e+01],\n",
       "        [ 0.00000e+00,  0.00000e+00,  0.00000e+00,  1.00000e+00]]),\n",
       " array([[ 9.95734e-01,  6.88619e-03, -9.20146e-02, -5.40887e+00],\n",
       "        [-7.73604e-03,  9.99931e-01, -8.88250e-03, -1.34296e+00],\n",
       "        [ 9.19471e-02,  9.55644e-03,  9.95718e-01,  7.67048e+01],\n",
       "        [ 0.00000e+00,  0.00000e+00,  0.00000e+00,  1.00000e+00]]),\n",
       " array([[ 9.96147e-01,  5.69014e-03, -8.75185e-02, -5.45762e+00],\n",
       "        [-6.23922e-03,  9.99963e-01, -6.00164e-03, -1.36455e+00],\n",
       "        [ 8.74811e-02,  6.52456e-03,  9.96145e-01,  7.72613e+01],\n",
       "        [ 0.00000e+00,  0.00000e+00,  0.00000e+00,  1.00000e+00]]),\n",
       " array([[ 9.96665e-01,  1.14291e-03, -8.15935e-02, -5.49485e+00],\n",
       "        [-1.29064e-03,  9.99998e-01, -1.75775e-03, -1.37875e+00],\n",
       "        [ 8.15913e-02,  1.85719e-03,  9.96664e-01,  7.77992e+01],\n",
       "        [ 0.00000e+00,  0.00000e+00,  0.00000e+00,  1.00000e+00]]),\n",
       " array([[ 9.97325e-01, -3.86429e-03, -7.29941e-02, -5.52344e+00],\n",
       "        [ 3.99916e-03,  9.99991e-01,  1.70159e-03, -1.40077e+00],\n",
       "        [ 7.29869e-02, -1.98895e-03,  9.97331e-01,  7.83355e+01],\n",
       "        [ 0.00000e+00,  0.00000e+00,  0.00000e+00,  1.00000e+00]]),\n",
       " array([[ 9.98077e-01, -4.45336e-04, -6.19907e-02, -5.55308e+00],\n",
       "        [ 5.68088e-04,  9.99998e-01,  1.96256e-03, -1.41447e+00],\n",
       "        [ 6.19897e-02, -1.99401e-03,  9.98075e-01,  7.88396e+01],\n",
       "        [ 0.00000e+00,  0.00000e+00,  0.00000e+00,  1.00000e+00]]),\n",
       " array([[ 9.98901e-01,  4.44437e-03, -4.66692e-02, -5.58160e+00],\n",
       "        [-4.38158e-03,  9.99989e-01,  1.44764e-03, -1.42356e+00],\n",
       "        [ 4.66751e-02, -1.24156e-03,  9.98909e-01,  7.93404e+01],\n",
       "        [ 0.00000e+00,  0.00000e+00,  0.00000e+00,  1.00000e+00]]),\n",
       " array([[ 9.99577e-01,  8.95033e-03, -2.76866e-02, -5.59529e+00],\n",
       "        [-8.90390e-03,  9.99959e-01,  1.79965e-03, -1.42895e+00],\n",
       "        [ 2.77016e-02, -1.55238e-03,  9.99615e-01,  7.98293e+01],\n",
       "        [ 0.00000e+00,  0.00000e+00,  0.00000e+00,  1.00000e+00]]),\n",
       " array([[ 9.99950e-01,  7.88297e-03, -6.18169e-03, -5.58263e+00],\n",
       "        [-7.86835e-03,  9.99966e-01,  2.38465e-03, -1.44063e+00],\n",
       "        [ 6.20028e-03, -2.33589e-03,  9.99978e-01,  8.03028e+01],\n",
       "        [ 0.00000e+00,  0.00000e+00,  0.00000e+00,  1.00000e+00]]),\n",
       " array([[ 9.99785e-01,  3.76047e-03,  2.03868e-02, -5.55273e+00],\n",
       "        [-3.83150e-03,  9.99987e-01,  3.44594e-03, -1.45401e+00],\n",
       "        [-2.03735e-02, -3.52332e-03,  9.99786e-01,  8.07749e+01],\n",
       "        [ 0.00000e+00,  0.00000e+00,  0.00000e+00,  1.00000e+00]]),\n",
       " array([[ 9.98755e-01,  2.40731e-03,  4.98356e-02, -5.51033e+00],\n",
       "        [-2.66122e-03,  9.99984e-01,  5.02934e-03, -1.46398e+00],\n",
       "        [-4.98227e-02, -5.15570e-03,  9.98745e-01,  8.12120e+01],\n",
       "        [ 0.00000e+00,  0.00000e+00,  0.00000e+00,  1.00000e+00]]),\n",
       " array([[ 9.96576e-01,  1.57059e-03,  8.26729e-02, -5.45080e+00],\n",
       "        [-2.11310e-03,  9.99977e-01,  6.47504e-03, -1.47254e+00],\n",
       "        [-8.26608e-02, -6.62756e-03,  9.96556e-01,  8.16610e+01],\n",
       "        [ 0.00000e+00,  0.00000e+00,  0.00000e+00,  1.00000e+00]]),\n",
       " array([[ 9.92663e-01,  1.20696e-03,  1.20911e-01, -5.37217e+00],\n",
       "        [-2.07945e-03,  9.99973e-01,  7.09010e-03, -1.48098e+00],\n",
       "        [-1.20899e-01, -7.28951e-03,  9.92638e-01,  8.21108e+01],\n",
       "        [ 0.00000e+00,  0.00000e+00,  0.00000e+00,  1.00000e+00]]),\n",
       " array([[ 9.86802e-01,  9.87981e-04,  1.61928e-01, -5.27500e+00],\n",
       "        [-2.29774e-03,  9.99966e-01,  7.90146e-03, -1.48738e+00],\n",
       "        [-1.61915e-01, -8.16925e-03,  9.86771e-01,  8.25301e+01],\n",
       "        [ 0.00000e+00,  0.00000e+00,  0.00000e+00,  1.00000e+00]]),\n",
       " array([[ 9.78304e-01,  4.13615e-04,  2.07174e-01, -5.15937e+00],\n",
       "        [-2.08134e-03,  9.99967e-01,  7.83198e-03, -1.49524e+00],\n",
       "        [-2.07164e-01, -8.09325e-03,  9.78273e-01,  8.29455e+01],\n",
       "        [ 0.00000e+00,  0.00000e+00,  0.00000e+00,  1.00000e+00]]),\n",
       " array([[ 9.66748e-01,  2.06939e-03,  2.55724e-01, -5.01722e+00],\n",
       "        [-3.77455e-03,  9.99974e-01,  6.17737e-03, -1.50410e+00],\n",
       "        [-2.55705e-01, -6.93720e-03,  9.66730e-01,  8.33608e+01],\n",
       "        [ 0.00000e+00,  0.00000e+00,  0.00000e+00,  1.00000e+00]]),\n",
       " array([[ 9.51658e-01,  2.63700e-03,  3.07149e-01, -4.85612e+00],\n",
       "        [-4.20747e-03,  9.99981e-01,  4.45101e-03, -1.51503e+00],\n",
       "        [-3.07131e-01, -5.52816e-03,  9.51651e-01,  8.37251e+01],\n",
       "        [ 0.00000e+00,  0.00000e+00,  0.00000e+00,  1.00000e+00]]),\n",
       " array([[ 9.32071e-01,  2.44387e-03,  3.62267e-01, -4.66903e+00],\n",
       "        [-3.60633e-03,  9.99990e-01,  2.53268e-03, -1.52298e+00],\n",
       "        [-3.62257e-01, -3.66709e-03,  9.32071e-01,  8.41105e+01],\n",
       "        [ 0.00000e+00,  0.00000e+00,  0.00000e+00,  1.00000e+00]]),\n",
       " array([[ 9.08231e-01,  2.71166e-03,  4.18462e-01, -4.47062e+00],\n",
       "        [-3.52074e-03,  9.99993e-01,  1.16139e-03, -1.52935e+00],\n",
       "        [-4.18455e-01, -2.52811e-03,  9.08234e-01,  8.44435e+01],\n",
       "        [ 0.00000e+00,  0.00000e+00,  0.00000e+00,  1.00000e+00]]),\n",
       " array([[ 8.79838e-01,  2.96094e-03,  4.75265e-01, -4.24890e+00],\n",
       "        [-2.99039e-03,  9.99995e-01, -6.94063e-04, -1.52821e+00],\n",
       "        [-4.75265e-01, -8.10567e-04,  8.79843e-01,  8.47699e+01],\n",
       "        [ 0.00000e+00,  0.00000e+00,  0.00000e+00,  1.00000e+00]]),\n",
       " array([[ 8.46507e-01,  6.89941e-04,  5.32378e-01, -3.99209e+00],\n",
       "        [ 3.23060e-04,  9.99998e-01, -1.80964e-03, -1.54169e+00],\n",
       "        [-5.32378e-01,  1.70386e-03,  8.46505e-01,  8.50927e+01],\n",
       "        [ 0.00000e+00,  0.00000e+00,  0.00000e+00,  1.00000e+00]]),\n",
       " array([[ 8.10369e-01, -3.13837e-05,  5.85920e-01, -3.73390e+00],\n",
       "        [ 1.80213e-03,  9.99995e-01, -2.43890e-03, -1.55033e+00],\n",
       "        [-5.85917e-01,  3.03231e-03,  8.10365e-01,  8.53601e+01],\n",
       "        [ 0.00000e+00,  0.00000e+00,  0.00000e+00,  1.00000e+00]]),\n",
       " array([[ 7.70805e-01, -2.05163e-03,  6.37068e-01, -3.44311e+00],\n",
       "        [ 3.33802e-03,  9.99994e-01, -8.18345e-04, -1.56251e+00],\n",
       "        [-6.37062e-01,  2.75733e-03,  7.70808e-01,  8.56388e+01],\n",
       "        [ 0.00000e+00,  0.00000e+00,  0.00000e+00,  1.00000e+00]]),\n",
       " array([[ 7.28432e-01, -3.05165e-03,  6.85111e-01, -3.16833e+00],\n",
       "        [ 2.50846e-03,  9.99995e-01,  1.78714e-03, -1.56471e+00],\n",
       "        [-6.85114e-01,  4.16760e-04,  7.28436e-01,  8.58775e+01],\n",
       "        [ 0.00000e+00,  0.00000e+00,  0.00000e+00,  1.00000e+00]]),\n",
       " array([[ 6.83215e-01, -4.17119e-03,  7.30205e-01, -2.85957e+00],\n",
       "        [ 3.23665e-03,  9.99991e-01,  2.68394e-03, -1.56768e+00],\n",
       "        [-7.30210e-01,  5.29705e-04,  6.83223e-01,  8.61048e+01],\n",
       "        [ 0.00000e+00,  0.00000e+00,  0.00000e+00,  1.00000e+00]]),\n",
       " array([[ 6.35584e-01, -6.02276e-03,  7.72008e-01, -2.52424e+00],\n",
       "        [ 6.84656e-03,  9.99974e-01,  2.16453e-03, -1.57614e+00],\n",
       "        [-7.72001e-01,  3.90986e-03,  6.35609e-01,  8.63254e+01],\n",
       "        [ 0.00000e+00,  0.00000e+00,  0.00000e+00,  1.00000e+00]]),\n",
       " array([[ 5.87737e-01, -8.91999e-03,  8.09003e-01, -2.20574e+00],\n",
       "        [ 1.13191e-02,  9.99932e-01,  2.80186e-03, -1.58982e+00],\n",
       "        [-8.08973e-01,  7.51045e-03,  5.87798e-01,  8.64843e+01],\n",
       "        [ 0.00000e+00,  0.00000e+00,  0.00000e+00,  1.00000e+00]]),\n",
       " array([[ 5.40968e-01, -7.19338e-03,  8.41013e-01, -1.85414e+00],\n",
       "        [ 9.90887e-03,  9.99949e-01,  2.17908e-03, -1.59600e+00],\n",
       "        [-8.40985e-01,  7.15467e-03,  5.41011e-01,  8.66558e+01],\n",
       "        [ 0.00000e+00,  0.00000e+00,  0.00000e+00,  1.00000e+00]]),\n",
       " array([[ 4.93409e-01, -4.50913e-03,  8.69786e-01, -1.52963e+00],\n",
       "        [ 6.42334e-03,  9.99978e-01,  1.54026e-03, -1.59918e+00],\n",
       "        [-8.69774e-01,  4.82696e-03,  4.93427e-01,  8.67974e+01],\n",
       "        [ 0.00000e+00,  0.00000e+00,  0.00000e+00,  1.00000e+00]]),\n",
       " array([[ 4.48775e-01, -2.62995e-03,  8.93641e-01, -1.18223e+00],\n",
       "        [ 4.70398e-03,  9.99989e-01,  5.80647e-04, -1.60666e+00],\n",
